1002.500000 
1002.914429 
1003.328796 
1003.743103 
1004.157349 
1004.571472 
1004.985535 
1005.399353 
1005.813049 
1006.226501 
1006.639771 
1007.052734 
1007.465454 
1007.877808 
1008.289856 
1008.701599 
1009.112915 
1009.523804 
1009.934265 
1010.344238 
1010.753723 
1011.162720 
1011.571167 
1011.979065 
1012.386353 
1012.793030 
1013.199097 
1013.604431 
1014.009155 
1014.413086 
1014.816345 
1015.218750 
1015.620422 
1016.021301 
1016.421265 
1016.820435 
1017.218628 
1017.615967 
1018.012329 
1018.407776 
1018.802185 
1019.195618 
1019.587952 
1019.979309 
1020.369507 
1020.758606 
1021.146545 
1021.533386 
1021.919006 
1022.303406 
1022.686584 
1023.068481 
1023.449097 
1023.828430 
1024.206421 
1024.583130 
1024.958374 
1025.332275 
1025.704712 
1026.075684 
1026.445312 
1026.813354 
1027.179810 
1027.544800 
1027.908325 
1028.270142 
1028.630371 
1028.989014 
1029.345947 
1029.701294 
1030.054932 
1030.406738 
1030.756958 
1031.105347 
1031.452026 
1031.796753 
1032.139771 
1032.480957 
1032.820190 
1033.157593 
1033.493042 
1033.826660 
1034.158203 
1034.487915 
1034.815552 
1035.141235 
1035.464844 
1035.786377 
1036.105835 
1036.423218 
1036.738525 
1037.051758 
1037.362793 
1037.671631 
1037.978271 
1038.282715 
1038.584961 
1038.884888 
1039.182739 
1039.478149 
1039.771240 
1040.062134 
1040.350708 
1040.636841 
1040.920654 
1041.202026 
1041.481079 
1041.757690 
1042.031860 
1042.303589 
1042.572754 
1042.839600 
1043.103882 
1043.365601 
1043.624756 
1043.881470 
1044.135620 
1044.387085 
1044.636108 
1044.882324 
1045.126099 
1045.367188 
1045.605591 
1045.841431 
1046.074463 
1046.304932 
1046.532593 
1046.757568 
1046.979858 
1047.199341 
1047.416016 
1047.630005 
1047.841309 
1048.049683 
1048.255249 
1048.458008 
1048.658081 
1048.855225 
1049.049438 
1049.240845 
1049.429443 
1049.615112 
1049.797852 
1049.977783 
1050.154785 
1050.328857 
1050.500000 
1050.668213 
1050.833496 
1050.995728 
1051.155151 
1051.311523 
1051.464844 
1051.615234 
1051.762695 
1051.907104 
1052.048584 
1052.187012 
1052.322388 
1052.454834 
1052.584106 
1052.710449 
1052.833740 
1052.953979 
1053.071167 
1053.185303 
1053.296387 
1053.404419 
1053.509399 
1053.611328 
1053.710083 
1053.805908 
1053.898560 
1053.988159 
1054.074707 
1054.158081 
1054.238525 
1054.315796 
1054.389893 
1054.461060 
1054.529053 
1054.593994 
1054.655884 
1054.714722 
1054.770386 
1054.822998 
1054.872559 
1054.918945 
1054.962402 
1055.002686 
1055.039917 
1055.074097 
1055.105225 
1055.133301 
1055.158203 
1055.180176 
1055.199097 
1055.214966 
1055.227783 
1055.237549 
