875.000000 
875.552490 
876.104919 
876.656982 
877.208679 
877.759827 
878.310303 
878.859924 
879.408569 
879.956177 
880.502502 
881.047424 
881.590881 
882.132690 
882.672729 
883.210876 
883.746948 
884.280823 
884.812439 
885.341553 
885.868164 
886.391968 
886.913025 
887.431030 
887.945984 
888.457703 
888.966064 
889.470947 
889.972229 
890.469788 
890.963501 
891.453247 
891.938843 
892.420288 
892.897339 
893.369934 
893.837952 
894.301331 
894.759827 
895.213501 
895.662048 
896.105530 
896.543701 
896.976562 
897.403931 
897.825684 
898.241821 
898.652161 
899.056641 
899.455139 
899.847534 
900.233765 
900.613770 
900.987366 
901.354553 
901.715210 
902.069214 
902.416504 
902.757080 
903.090698 
903.417419 
903.737061 
904.049622 
904.355042 
904.653198 
904.944031 
905.227478 
905.503540 
905.772034 
906.032959 
906.286316 
906.531921 
906.769836 
907.000000 
907.222290 
907.436707 
907.643250 
907.841797 
908.032410 
908.214966 
908.389404 
908.555847 
908.714111 
908.864258 
909.006226 
909.140076 
909.265686 
909.383118 
909.492310 
909.593323 
909.686035 
909.770569 
909.846924 
909.915039 
909.974915 
910.026611 
910.070129 
910.105469 
910.132751 
910.151855 
910.162903 
910.165894 
910.160828 
910.147827 
910.126892 
910.098083 
910.061401 
910.016968 
909.964783 
909.904907 
909.837524 
909.762512 
909.680054 
909.590271 
909.493103 
909.388733 
909.277283 
909.158752 
909.033264 
908.900879 
908.761780 
908.616089 
908.463806 
908.305176 
908.140198 
907.969055 
907.791870 
907.608826 
907.419922 
907.225464 
907.025513 
906.820190 
906.609680 
906.394165 
906.173828 
905.948792 
905.719177 
905.485291 
905.247253 
905.005188 
904.759399 
904.510010 
904.257202 
904.001221 
903.742310 
903.480652 
903.216431 
902.949951 
902.681396 
902.410950 
902.138977 
901.865601 
901.591125 
901.315857 
901.039978 
900.763733 
900.487488 
900.211487 
899.936035 
899.661316 
899.387756 
899.115540 
898.845032 
898.576538 
898.310425 
898.046875 
897.786377 
897.529114 
897.275513 
897.025940 
896.780701 
896.540100 
896.304626 
896.074524 
895.850220 
895.632080 
895.420532 
895.215881 
895.018616 
894.829102 
894.647766 
894.474976 
894.311157 
894.156799 
894.012268 
893.877991 
893.754517 
893.642212 
893.541626 
893.453064 
893.377136 
893.314270 
893.265015 
893.229736 
893.208984 
893.203369 
893.213257 
893.239258 
893.281799 
893.341553 
