808.000000 
809.508362 
811.016357 
812.523621 
814.029724 
815.534363 
817.037109 
818.537598 
820.035461 
821.530334 
823.021790 
824.509521 
825.993164 
827.472351 
828.946594 
830.415710 
831.879211 
833.336731 
834.787964 
836.232483 
837.669983 
839.100098 
840.522461 
841.936768 
843.342590 
844.739563 
846.127380 
847.505737 
848.874268 
850.232605 
851.580383 
852.917297 
854.243042 
855.557312 
856.859680 
858.149902 
859.427673 
860.692566 
861.944397 
863.182800 
864.407410 
865.618042 
866.814331 
867.995972 
869.162659 
870.314148 
871.450195 
872.570435 
873.674622 
874.762512 
875.833801 
876.888184 
877.925537 
878.945557 
879.947937 
880.932495 
881.898987 
882.847107 
883.776733 
884.687622 
885.579529 
886.452209 
887.305542 
888.139282 
888.953247 
889.747253 
890.521057 
891.274597 
892.007629 
892.720032 
893.411560 
894.082153 
894.731689 
895.359985 
895.966858 
896.552246 
897.116089 
897.658142 
898.178406 
898.676758 
899.153137 
899.607422 
900.039551 
900.449463 
900.837097 
901.202393 
901.545349 
901.865906 
902.164001 
902.439697 
902.692932 
902.923706 
903.132080 
903.317993 
903.481506 
903.622620 
903.741455 
903.838013 
903.912354 
903.964539 
903.994690 
904.002808 
903.989075 
903.953552 
903.896423 
903.817688 
903.717651 
903.596252 
903.453857 
903.290466 
903.106384 
902.901672 
902.676636 
902.431396 
902.166199 
901.881287 
901.576904 
901.253296 
900.910706 
900.549438 
900.169739 
899.771912 
899.356201 
898.923035 
898.472717 
898.005493 
897.521851 
897.022034 
896.506409 
895.975525 
895.429565 
894.869080 
894.294495 
893.706177 
893.104553 
892.490173 
891.863464 
891.224854 
890.574951 
889.914185 
889.243103 
888.562256 
887.872192 
887.173401 
886.466553 
885.752197 
885.030945 
884.303406 
883.570190 
882.831909 
882.089355 
881.343079 
880.593811 
879.842224 
879.089111 
878.335022 
877.580872 
876.827393 
876.075317 
875.325378 
874.578491 
873.835388 
873.096985 
872.364014 
871.637390 
870.918030 
870.206726 
869.504517 
868.812195 
868.130859 
867.461304 
866.804504 
866.161621 
865.533447 
864.921082 
864.325623 
863.748047 
863.189453 
862.650879 
862.133484 
861.638306 
861.166626 
860.719421 
860.297974 
859.903442 
859.536926 
859.199890 
858.893311 
858.618591 
858.376892 
858.169617 
857.998047 
857.863403 
857.767151 
857.710571 
857.695190 
857.722229 
857.793091 
857.909363 
858.072388 
